Tumor_Sample_Barcode	Frame_Shift_Del	Frame_Shift_Ins	In_Frame_Del	In_Frame_Ins	Missense_Mutation	Nonsense_Mutation	Nonstop_Mutation	Splice_Site	Translation_Start_Site	total
TCGA-A5-A0G2-01A-11W-A062-09	30	74	1	1	21822	1730	4	541	8	24211
TCGA-EO-A22U-01A-11D-A17W-09	6	171	2	1	11674	1033	4	272	11	13174
TCGA-FI-A2D5-01A-11D-A17D-09	15	25	0	1	11797	695	5	195	13	12746
TCGA-AX-A2HC-01A-11D-A17D-09	56	43	0	0	10928	1240	8	287	4	12566
TCGA-EO-A22R-01A-11D-A18P-09	23	47	0	0	11251	803	11	197	6	12338
TCGA-B5-A3FC-01A-11D-A228-09	63	353	0	2	10466	641	3	188	7	11723
TCGA-AP-A0LM-01A-11D-A122-09	17	31	0	0	10541	891	5	174	5	11664
TCGA-E6-A1LX-01A-11D-A14G-09	20	28	0	0	10085	1211	17	221	3	11585
TCGA-AP-A1DV-01A-21D-A135-09	5	14	0	0	10244	970	5	220	4	11462
TCGA-AX-A1CE-01A-11D-A135-09	106	149	1	0	9739	684	4	196	3	10882
TCGA-AP-A059-01A-21D-A122-09	25	21	0	1	9020	717	3	305	6	10098
TCGA-EO-A3B0-01A-12D-A19Y-09	6	27	1	0	8625	1160	10	168	7	10004
TCGA-A5-A1OF-01A-11D-A14G-09	25	40	1	0	8894	586	4	254	7	9811
TCGA-AP-A1DK-01A-11D-A135-09	60	96	0	1	8601	527	17	341	18	9661
TCGA-DF-A2KU-01A-11D-A17W-09	16	30	0	1	8532	707	3	219	6	9514
TCGA-B5-A0JY-01A-11D-A10B-09	4	36	0	0	7917	1206	10	178	8	9359
TCGA-EO-A22X-01A-11D-A17W-09	4	18	0	1	7737	1137	10	141	4	9052
TCGA-B5-A3FA-01A-11D-A19Y-09	47	98	0	0	8081	485	10	223	6	8950
TCGA-A5-A0G1-01A-11D-A122-09	15	18	0	0	7803	660	2	243	12	8753
TCGA-B5-A11E-01A-11D-A10M-09	9	21	2	0	7701	628	8	156	6	8531
TCGA-BS-A0UV-01A-11D-A10B-09	3	21	0	0	7242	1091	2	146	6	8511
TCGA-BS-A0UF-01A-11D-A10B-09	28	11	1	0	6709	1108	9	122	5	7993
TCGA-AP-A056-01A-11W-A027-09	14	32	0	1	6895	786	9	89	1	7827
TCGA-A5-A2K5-01A-11D-A17W-09	4	16	0	0	6522	980	9	150	5	7686
TCGA-AP-A051-01A-21W-A027-09	224	55	1	2	6700	426	4	210	5	7627
TCGA-AX-A2HD-01A-21D-A17D-09	214	100	0	0	6728	419	1	145	7	7614
TCGA-AX-A0J0-01A-11D-A117-09	5	36	0	0	6233	1015	12	121	5	7427
TCGA-AJ-A3EL-01A-11D-A20S-09	3	35	0	0	6322	715	2	92	3	7172
TCGA-AX-A06F-01A-11W-A027-09	6	12	1	0	6436	489	4	159	5	7112
TCGA-DI-A1BU-01A-11D-A135-09	456	111	4	1	6127	138	16	218	10	7081
TCGA-AX-A05Z-01A-11W-A027-09	3	20	0	0	5439	995	15	105	6	6583
TCGA-D1-A103-01A-11D-A10M-09	20	46	0	1	5702	494	4	170	6	6443
TCGA-FI-A2D0-01A-11D-A17D-09	101	72	3	0	5559	331	1	110	4	6181
TCGA-D1-A17Q-01A-11D-A12J-09	6	15	0	0	4651	715	4	105	3	5499
TCGA-AJ-A3EK-01A-11D-A19Y-09	51	63	0	0	4708	365	1	142	5	5335
TCGA-B5-A1MX-01A-11D-A142-09	304	177	1	0	4215	343	6	231	9	5286
TCGA-B5-A1MR-01A-31D-A14G-09	3	8	0	1	4083	503	5	85	6	4694
TCGA-AP-A1E0-01A-11D-A135-09	5	6	1	1	3924	559	3	75	0	4574
TCGA-AX-A0J1-01A-11W-A062-09	165	55	1	0	3967	249	1	68	1	4507
TCGA-EY-A215-01A-11D-A14K-09	189	65	4	0	3853	254	2	115	3	4485
TCGA-EY-A1GI-01A-11D-A13L-09	4	12	0	0	3659	599	7	58	3	4342
TCGA-BG-A222-01A-11D-A159-09	273	89	4	0	3475	120	5	103	6	4075
TCGA-DF-A2KN-01A-11D-A17W-09	349	241	5	0	2919	200	3	170	4	3891
TCGA-EO-A3AV-01A-12D-A19Y-09	4	5	0	0	3296	477	7	63	1	3853
TCGA-BK-A6W3-01A-12D-A34Q-09	2	7	0	0	2961	515	4	62	3	3554
TCGA-EO-A3AY-01A-12D-A19Y-09	1	5	0	1	2695	476	1	62	1	3242
TCGA-AJ-A5DW-01A-11D-A27P-09	1	9	1	1	2481	467	1	61	0	3022
TCGA-EO-A3KX-01A-11D-A228-09	329	210	3	1	2076	130	1	88	3	2841
TCGA-AJ-A3BH-01A-11D-A19Y-09	246	36	5	1	1956	100	0	38	2	2384
TCGA-EY-A1G8-01A-11D-A13L-09	4	7	0	0	1979	338	5	37	1	2371
TCGA-D1-A16X-01A-11D-A12J-09	1	2	0	0	1773	319	2	27	0	2124
TCGA-FI-A2F4-01A-11D-A17D-09	134	123	2	0	1389	66	2	97	3	1816
TCGA-B5-A11N-01A-11D-A122-09	1	6	1	1	1408	245	1	23	2	1688
TCGA-E6-A1M0-01A-11D-A142-09	1	4	0	0	1391	225	3	29	1	1654
TCGA-BS-A0UJ-01A-12D-A10B-09	1	88	1	0	1286	66	5	52	4	1503
TCGA-D1-A167-01A-11D-A12J-09	52	14	0	0	1301	87	0	15	1	1470
TCGA-QF-A5YS-01A-11D-A31U-09	3	6	0	0	1203	231	0	19	0	1462
TCGA-AX-A2HJ-01A-11D-A17D-09	211	44	2	0	1109	44	1	42	3	1456
TCGA-D1-A15X-01A-11D-A122-09	19	8	0	0	1305	49	1	25	1	1408
TCGA-AX-A2HA-01A-12D-A18P-09	258	45	3	0	997	53	0	22	1	1379
TCGA-A5-A0GP-01A-11W-A062-09	1	11	0	0	1173	149	1	13	0	1348
TCGA-A5-A0VP-01A-21D-A10B-09	17	13	0	1	1132	77	1	28	2	1271
TCGA-EY-A549-01A-11D-A27P-09	112	20	6	2	1055	55	0	9	0	1259
TCGA-BS-A0TC-01A-11D-A10B-09	1	5	0	0	1014	213	0	21	3	1257
TCGA-SJ-A6ZI-01A-12D-A34Q-09	32	18	1	0	1097	71	1	22	1	1243
TCGA-DF-A2KV-01A-11D-A17W-09	1	3	0	0	1035	172	0	24	1	1236
TCGA-AJ-A3BG-01A-11D-A19Y-09	153	37	3	1	953	51	0	12	1	1211
TCGA-AX-A3FT-01A-11D-A228-09	184	37	2	1	869	46	1	21	0	1161
TCGA-EY-A1GU-01A-11D-A13L-09	87	25	1	0	886	61	0	25	0	1085
TCGA-EY-A1GD-01A-11D-A13L-09	0	5	0	0	876	118	0	12	2	1013
TCGA-D1-A16Y-01A-31D-A12J-09	0	1	0	0	880	113	1	13	0	1008
TCGA-A5-A2K3-01A-11D-A17W-09	32	8	0	1	891	54	0	18	1	1005
TCGA-AP-A054-01A-11W-A062-09	103	36	0	1	785	23	2	40	3	993
TCGA-AJ-A2QO-01A-11D-A18P-09	233	57	2	1	640	37	0	19	0	989
TCGA-EC-A24G-01A-11D-A16D-09	30	7	0	0	855	59	4	19	0	974
TCGA-BG-A221-01A-21D-A159-09	128	17	4	0	758	32	0	29	2	970
TCGA-B5-A11H-01A-11D-A122-09	218	41	5	1	632	35	0	15	4	951
TCGA-AX-A1C9-01A-11D-A135-09	17	9	1	0	833	47	0	17	0	924
TCGA-B5-A5OC-01A-21D-A27P-09	153	32	2	0	677	33	0	21	2	920
TCGA-QS-A5YQ-01A-11D-A31U-09	0	1	0	0	735	155	2	8	1	902
TCGA-AX-A063-01A-11W-A027-09	103	23	2	0	705	27	3	22	0	885
TCGA-B5-A11Y-01A-21D-A10M-09	14	0	1	0	794	38	1	8	1	857
TCGA-EO-A3AZ-01A-12D-A19Y-09	119	22	1	1	650	47	1	14	1	856
TCGA-AJ-A3OJ-01A-11D-A228-09	160	29	3	1	583	38	0	11	2	827
TCGA-EO-A22T-01A-21D-A18P-09	139	29	2	0	604	35	1	15	0	825
TCGA-E6-A2P9-01A-11D-A19Y-09	150	35	2	0	583	35	0	13	0	818
TCGA-AX-A1C4-01A-11D-A135-09	163	31	3	1	525	46	1	15	2	787
TCGA-EY-A1GK-01A-11D-A13L-09	191	43	3	0	505	25	1	17	1	786
TCGA-AX-A1C5-01A-11D-A135-09	48	7	1	0	674	43	0	9	2	784
TCGA-D1-A2G0-01A-11D-A17D-09	171	34	4	0	507	31	1	13	1	762
TCGA-AJ-A23O-01A-11D-A159-09	99	24	2	0	559	28	2	16	2	732
TCGA-D1-A177-01A-21D-A12J-09	153	43	1	1	494	24	0	12	1	729
TCGA-AX-A2HG-01A-11D-A17D-09	158	28	0	1	496	21	2	17	1	724
TCGA-AX-A3G8-01A-11D-A228-09	134	36	3	0	492	38	0	9	0	712
TCGA-D1-A174-01A-11D-A12J-09	144	27	0	0	498	31	2	8	2	712
TCGA-EY-A5W2-01A-11D-A31U-09	163	32	3	1	466	33	1	11	1	711
TCGA-SL-A6JA-01A-11D-A31U-09	137	40	4	1	463	40	0	15	0	700
TCGA-B5-A0K9-01A-21D-A10O-09	126	35	4	1	481	22	0	16	0	685
TCGA-BG-A220-01A-11D-A159-09	158	26	2	0	447	30	0	12	0	675
TCGA-PG-A917-01A-31D-A37N-09	111	21	2	0	484	37	1	17	2	675
TCGA-AP-A1DR-01A-11D-A135-09	153	35	2	0	434	26	0	16	2	668
TCGA-AX-A3FS-01A-11D-A228-09	159	20	2	0	432	23	0	11	1	648
TCGA-A5-A0GB-01A-11W-A062-09	118	21	1	1	455	25	0	12	0	633
TCGA-D1-A1NZ-01A-21D-A14G-09	115	26	2	1	444	26	0	8	0	622
TCGA-AJ-A8CW-01A-11D-A37N-09	112	21	4	0	436	32	0	13	1	619
TCGA-EO-A3AU-01A-21D-A19Y-09	134	29	4	1	416	28	0	6	1	619
TCGA-BS-A0TJ-01A-11D-A10B-09	137	24	1	1	417	28	0	9	0	617
TCGA-FI-A2D6-01A-11D-A17D-09	138	41	2	1	393	20	0	10	0	605
TCGA-AJ-A3OK-01A-12D-A228-09	8	2	0	0	546	42	0	3	0	601
TCGA-AP-A0LT-01A-11W-A062-09	128	19	0	0	409	31	0	10	3	600
TCGA-AJ-A8CT-01A-11D-A37N-09	52	16	2	0	477	42	0	8	0	597
TCGA-EO-A22S-01A-11D-A18P-09	152	37	1	2	371	19	0	8	1	591
TCGA-EY-A2OM-01A-11D-A18P-09	135	21	5	2	392	21	0	11	0	587
TCGA-AX-A3G9-01A-11D-A228-09	129	20	4	1	394	29	0	7	2	586
TCGA-BK-A13B-01A-51D-A228-09	96	34	5	1	400	27	0	18	0	581
TCGA-A5-A2K7-01A-11D-A17W-09	109	21	0	1	399	27	0	8	1	566
TCGA-BG-A0MQ-01A-11D-A10B-09	123	19	2	0	386	15	1	14	0	560
TCGA-BG-A2L7-01A-11D-A18P-09	150	23	2	0	348	22	0	11	1	557
TCGA-B5-A11R-01A-11D-A122-09	2	2	1	0	494	49	0	8	0	556
TCGA-D1-A17H-01A-11D-A12J-09	112	31	4	0	369	21	0	18	1	556
TCGA-AP-A1DH-01A-31D-A135-09	135	18	2	0	361	28	0	8	0	552
TCGA-D1-A0ZO-01A-11D-A122-09	120	31	2	0	380	12	1	3	1	550
TCGA-DF-A2KZ-01A-11D-A20S-09	107	16	3	0	389	22	1	12	0	550
TCGA-B5-A0JR-01A-13W-A062-09	70	25	0	1	391	27	0	16	0	530
TCGA-EC-A1QX-01A-31D-A16D-09	86	16	2	0	389	22	0	11	1	527
TCGA-D1-A1NY-01A-11D-A16D-09	108	30	2	0	342	27	0	9	0	518
TCGA-D1-A163-01A-11D-A12J-09	117	33	2	0	340	13	0	11	0	516
TCGA-B5-A11G-01A-13D-A122-09	28	100	0	2	352	10	2	16	0	510
TCGA-EY-A548-01A-11D-A27P-09	122	22	3	1	333	21	0	8	0	510
TCGA-AP-A1DO-01A-11D-A135-09	107	27	5	1	337	14	0	7	0	498
TCGA-E6-A2P8-01A-11D-A19Y-09	111	28	0	1	337	10	0	10	0	497
TCGA-AP-A0LE-01A-11D-A127-09	107	29	3	1	320	25	0	11	0	496
TCGA-AP-A1E1-01A-11D-A135-09	85	24	2	1	334	19	0	11	0	476
TCGA-B5-A1MW-01A-11D-A17D-09	13	75	1	1	354	15	1	15	1	476
TCGA-BG-A0M4-01A-11W-A10C-09	73	11	1	0	362	16	1	11	1	476
TCGA-B5-A0JZ-01A-11W-A062-09	106	18	3	0	306	24	1	9	0	467
TCGA-DI-A0WH-01A-12D-A12J-09	88	15	4	0	325	19	0	13	1	465
TCGA-BK-A0C9-01A-11W-A027-09	35	9	1	0	377	27	2	8	1	460
TCGA-AX-A2IN-01A-12D-A17W-09	73	23	1	0	330	20	1	10	0	458
TCGA-D1-A160-01A-11D-A122-09	77	21	1	0	322	24	0	11	0	456
TCGA-AX-A05S-01A-11W-A027-09	82	14	3	0	329	18	1	3	0	450
TCGA-AP-A0LD-01A-11W-A062-09	75	8	0	0	332	19	2	5	1	442
TCGA-D1-A17D-01A-12D-A12J-09	70	7	2	0	317	17	1	13	0	427
TCGA-BG-A0LX-01A-11W-A062-09	89	13	0	0	287	17	0	11	0	417
TCGA-AP-A1DP-01A-11D-A135-09	68	24	0	0	295	17	1	5	1	411
TCGA-EY-A2OP-01A-11D-A19Y-09	80	16	3	0	283	18	0	7	1	408
TCGA-A5-A0GH-01A-21W-A062-09	90	16	2	1	271	14	1	8	1	404
TCGA-A5-A7WJ-01A-12D-A34Q-09	94	16	0	0	270	21	2	0	1	404
TCGA-D1-A16F-01A-11D-A12J-09	76	21	3	0	278	16	0	6	2	402
TCGA-BG-A3EW-01A-11D-A228-09	89	18	2	0	257	25	0	8	1	400
TCGA-EY-A1GQ-01A-21D-A13L-09	65	22	1	1	287	10	1	9	0	396
TCGA-AP-A0LS-01A-11D-A14G-09	81	18	2	0	275	8	0	7	1	392
TCGA-B5-A11J-01A-11D-A122-09	68	16	3	1	268	25	0	7	1	389
TCGA-BS-A0TA-01A-11D-A10B-09	65	14	2	0	274	17	0	10	0	382
TCGA-PG-A6IB-01A-21D-A31U-09	58	13	4	0	278	14	0	12	0	379
TCGA-D1-A17M-01A-21D-A12J-09	63	11	2	0	279	18	0	5	0	378
TCGA-AX-A06H-01A-11D-A122-09	86	24	2	0	241	11	0	10	0	374
TCGA-B5-A0JU-01B-11D-A14G-09	88	15	2	1	249	13	1	2	0	371
TCGA-A5-A0VQ-01A-11D-A10B-09	65	17	1	1	259	15	0	9	0	367
TCGA-AP-A0LG-01A-11W-A062-09	57	18	0	0	268	18	1	3	0	365
TCGA-D1-A176-01A-11D-A12J-09	62	20	3	0	247	18	0	14	0	364
TCGA-D1-A17U-01A-21D-A12J-09	81	12	2	0	236	21	1	9	0	362
TCGA-D1-A0ZS-01A-11D-A122-09	68	21	2	1	245	19	0	4	0	360
TCGA-BS-A0UM-01A-11W-A10C-09	59	12	3	0	252	21	0	10	1	358
TCGA-BG-A18B-01A-11D-A12J-09	71	25	0	0	231	20	0	7	0	354
TCGA-BS-A0U8-01A-11D-A10B-09	77	11	3	0	242	16	0	5	0	354
TCGA-BS-A0UL-01A-11D-A10G-09	40	8	1	0	273	19	0	2	0	343
TCGA-AP-A1DM-01A-21D-A135-09	82	14	2	1	204	18	0	4	0	325
TCGA-FI-A2D4-01A-12D-A17D-09	88	6	2	1	206	15	0	3	0	321
TCGA-EY-A1GF-01A-11D-A13L-09	67	10	1	0	212	18	1	11	0	320
TCGA-B5-A11U-01A-11D-A122-09	69	18	3	0	212	12	0	5	0	319
TCGA-EY-A1H0-01A-11D-A13L-09	93	8	0	1	190	15	0	4	1	312
TCGA-AX-A2IO-01A-11D-A17W-09	5	1	0	0	276	23	1	5	0	311
TCGA-BG-A0VW-01A-11D-A122-09	47	6	2	0	227	14	0	2	0	298
TCGA-BS-A0V4-01A-11D-A14G-09	63	22	1	0	192	16	0	3	1	298
TCGA-BS-A0UA-01A-11D-A122-09	52	13	1	1	199	24	0	3	0	293
TCGA-BG-A0VZ-01A-11D-A10G-09	59	14	0	0	193	15	0	5	1	287
TCGA-A5-A0G9-01A-11W-A062-09	40	7	1	1	214	12	1	6	0	282
TCGA-AJ-A3OL-01A-11D-A228-09	72	17	1	1	183	6	0	2	0	282
TCGA-A5-A0GW-01A-11W-A062-09	65	11	2	0	187	11	0	4	1	281
TCGA-A5-A0GI-01A-11W-A062-09	47	14	1	0	193	15	0	6	0	276
TCGA-B5-A0JV-01A-11D-A10B-09	46	12	0	0	195	17	0	4	0	274
TCGA-D1-A101-01A-12D-A10M-09	39	9	1	0	198	16	0	9	1	273
TCGA-A5-A0GA-01A-11W-A062-09	43	8	0	0	202	11	0	3	0	267
TCGA-AP-A0LP-01A-12D-A10B-09	48	15	0	0	184	12	0	5	1	265
TCGA-BS-A0VI-01A-11D-A14G-09	36	16	2	0	185	14	0	6	0	259
TCGA-BS-A0TE-01A-11D-A10B-09	30	8	1	0	200	15	0	4	0	258
TCGA-B5-A0K2-01A-12W-A10C-09	41	10	1	2	189	10	0	2	0	255
TCGA-B5-A0K6-01A-11W-A062-09	36	8	0	0	195	10	0	2	0	251
TCGA-EY-A1GS-01A-11D-A13L-09	3	0	1	1	212	24	0	6	0	247
TCGA-EC-A1NJ-01A-31D-A14G-09	6	38	1	1	178	2	1	7	2	236
TCGA-AX-A064-01A-11W-A027-09	33	7	1	0	180	8	0	6	0	235
TCGA-EY-A1GO-01A-11D-A14G-09	34	8	0	1	175	11	0	4	0	233
TCGA-D1-A17B-01A-22D-A12J-09	35	3	2	0	177	14	0	1	0	232
TCGA-AP-A05N-01A-11W-A027-09	44	19	1	0	140	16	0	8	0	228
TCGA-D1-A1NS-01A-11D-A14G-09	39	9	2	0	162	9	2	3	0	226
TCGA-D1-A1O7-01A-11D-A14G-09	27	14	0	0	168	10	0	2	0	221
TCGA-QS-A5YR-01A-31D-A31U-09	50	11	1	0	142	12	0	2	0	218
TCGA-D1-A17A-01A-11D-A12J-09	32	8	0	0	155	10	1	8	0	214
TCGA-DI-A1NO-01A-31D-A159-09	12	2	1	0	178	10	1	8	1	213
TCGA-AP-A0LF-01A-11D-A122-09	1	0	1	0	190	9	0	5	0	206
TCGA-AJ-A3IA-01A-11D-A20S-09	10	2	1	0	175	9	0	5	1	203
TCGA-AJ-A3QS-01A-11D-A228-09	3	1	0	0	174	19	0	2	1	200
TCGA-AJ-A8CV-01A-11D-A37N-09	36	7	1	0	140	6	0	5	0	195
TCGA-E6-A1LZ-01A-11D-A142-09	4	0	1	0	158	22	0	2	0	187
TCGA-D1-A16J-01A-11D-A12J-09	3	0	1	0	158	15	0	3	0	180
TCGA-D1-A17R-01A-11D-A12J-09	23	5	0	0	131	12	0	7	0	178
TCGA-BG-A0VX-01A-11D-A122-09	1	3	0	0	157	9	0	3	0	173
TCGA-D1-A17F-01A-11D-A12J-09	4	8	0	0	142	13	0	4	1	172
TCGA-AX-A2H4-01A-21D-A18P-09	2	0	0	0	136	10	1	0	0	149
TCGA-AX-A2H2-01A-11D-A17W-09	1	1	1	0	125	15	0	4	0	147
TCGA-BS-A0U7-01A-21D-A10B-09	9	8	1	0	113	13	0	3	0	147
TCGA-D1-A2G5-01A-11D-A17D-09	26	3	1	0	102	10	0	3	0	145
TCGA-EO-A3AS-01A-11D-A19Y-09	4	1	3	0	128	5	0	3	0	144
TCGA-AX-A05Y-01A-11W-A027-09	17	2	1	1	109	9	0	4	0	143
TCGA-AJ-A2QM-01A-11D-A18P-09	2	0	0	0	128	11	1	0	0	142
TCGA-EY-A547-01A-11D-A27P-09	18	4	1	0	111	4	0	3	0	141
TCGA-4E-A92E-01A-11D-A37N-09	2	2	0	0	123	8	0	1	0	136
TCGA-BG-A0M0-01A-11W-A10C-09	19	4	1	0	97	8	0	2	0	131
TCGA-B5-A1N2-01A-21D-A142-09	4	0	0	0	103	6	0	1	0	114
TCGA-D1-A16N-01A-11D-A12J-09	10	4	1	0	84	8	0	3	0	110
TCGA-A5-A0G5-01A-11W-A062-09	1	2	0	0	92	10	0	4	0	109
TCGA-PG-A914-01A-11D-A37N-09	2	2	0	0	91	11	0	2	1	109
TCGA-AX-A3G3-01A-11D-A20S-09	4	0	2	0	95	5	0	2	0	108
TCGA-AJ-A3TW-01A-11D-A228-09	2	0	1	0	91	6	0	4	0	104
TCGA-B5-A0JN-01A-11D-A10B-09	2	1	2	0	88	6	0	5	0	104
TCGA-B5-A11L-01B-21D-A13L-09	5	1	0	1	88	6	0	3	0	104
TCGA-DF-A2KS-01A-11D-A18P-09	5	1	2	0	84	3	0	3	0	98
TCGA-A5-A2K2-01A-11D-A18P-09	3	0	0	1	80	8	0	3	0	95
TCGA-BG-A0MG-01A-21D-A10B-09	6	3	1	0	70	10	1	0	0	91
TCGA-D1-A3DG-01A-11D-A19Y-09	4	1	0	0	78	3	0	4	1	91
TCGA-AX-A1CF-01A-11D-A135-09	7	0	0	0	78	2	0	3	0	90
TCGA-AJ-A23M-01A-11D-A159-09	2	1	0	1	73	8	0	3	0	88
TCGA-BK-A139-01A-11D-A272-09	1	0	1	0	82	3	0	1	0	88
TCGA-FI-A2EW-01A-11D-A17D-09	2	1	0	1	73	10	0	0	0	87
TCGA-AP-A0LI-01A-11W-A062-09	1	0	0	0	76	7	0	2	0	86
TCGA-D1-A3DH-01A-11D-A19Y-09	1	0	1	0	75	6	1	1	0	85
TCGA-A5-A1OH-01A-21D-A228-09	2	1	1	0	71	6	0	3	0	84
TCGA-FI-A2EY-01A-12D-A18P-09	3	0	1	0	74	5	0	1	0	84
TCGA-DI-A2QY-01A-12D-A19Y-09	1	0	0	0	79	3	0	0	0	83
TCGA-EY-A1G7-01A-11D-A13L-09	7	7	2	0	60	5	0	2	0	83
TCGA-BG-A187-01A-11D-A12J-09	2	2	1	0	68	5	0	2	0	80
TCGA-DF-A2KR-01A-11D-A17W-09	1	1	2	1	72	0	0	3	0	80
TCGA-FI-A3PX-01A-11D-A228-09	2	0	1	0	68	4	0	5	0	80
TCGA-AX-A1CA-01A-12D-A135-09	1	1	0	0	69	8	0	0	0	79
TCGA-BS-A0TI-01A-11D-A10B-09	3	0	1	0	70	4	1	0	0	79
TCGA-AJ-A5DV-01A-11D-A27P-09	4	2	3	0	62	5	0	0	0	76
TCGA-AX-A2H7-01A-12D-A18P-09	5	1	0	0	63	6	0	1	0	76
TCGA-AX-A3FV-01A-11D-A228-09	1	0	0	0	66	4	1	4	0	76
TCGA-B5-A3S1-01A-11D-A228-09	2	0	0	1	66	7	0	0	0	76
TCGA-EY-A54A-01A-11D-A27P-09	5	1	0	1	64	2	0	3	0	76
TCGA-D1-A161-01A-11D-A122-09	3	3	0	0	62	4	0	1	0	73
TCGA-A5-A0RA-01A-21D-A10B-09	2	3	2	1	61	2	0	1	0	72
TCGA-D1-A0ZQ-01A-11D-A122-09	4	0	2	0	60	5	0	1	0	72
TCGA-D1-A1NU-01A-11D-A14G-09	2	0	0	0	63	5	0	2	0	72
TCGA-BS-A0V8-01A-11D-A122-09	6	0	0	0	57	5	0	3	0	71
TCGA-EY-A1GT-01A-11D-A13L-09	4	2	1	0	59	4	0	1	0	71
TCGA-A5-A0R8-01A-11D-A10B-09	4	2	1	0	53	6	0	3	1	70
TCGA-EY-A1GX-01A-12D-A13L-09	2	2	0	0	62	3	0	1	0	70
TCGA-KP-A3VZ-01A-11D-A228-09	3	0	0	1	57	3	0	5	0	69
TCGA-AJ-A3NG-01A-11D-A228-09	4	0	0	0	62	2	0	0	0	68
TCGA-BG-A0YV-01A-11D-A10M-09	1	0	0	0	61	4	0	1	1	68
TCGA-B5-A11W-01A-12D-A122-09	0	2	0	0	57	6	0	1	0	66
TCGA-D1-A3DA-01A-12D-A20S-09	2	6	1	0	53	2	0	2	0	66
TCGA-D1-A15Z-01A-11D-A122-09	5	2	1	1	49	5	0	1	0	64
TCGA-A5-A0GJ-01A-11W-A062-09	1	0	0	0	56	4	0	2	0	63
TCGA-AP-A05H-01A-11W-A027-09	1	1	0	0	58	3	0	0	0	63
TCGA-EO-A3L0-01A-11D-A228-09	3	4	0	0	51	4	1	0	0	63
TCGA-D1-A15W-01A-11D-A122-09	2	1	1	0	56	2	0	0	0	62
TCGA-D1-A17L-01A-11D-A12J-09	0	1	0	1	55	3	0	1	1	62
TCGA-AP-A05A-01A-11W-A027-09	1	0	0	0	47	9	0	4	0	61
TCGA-B5-A11O-01A-11D-A122-09	2	0	0	0	54	5	0	0	0	61
TCGA-BG-A0W1-01A-12D-A10G-09	7	2	3	0	42	5	0	2	0	61
TCGA-A5-A0VO-01A-21D-A10G-09	4	0	2	0	47	5	0	2	0	60
TCGA-AW-A1PO-01A-12D-A159-09	2	0	2	0	52	3	0	1	0	60
TCGA-AX-A3GB-01A-11D-A228-09	1	1	0	0	51	7	0	0	0	60
TCGA-EY-A2ON-01A-21D-A18P-09	2	0	0	0	55	2	0	1	0	60
TCGA-BK-A26L-01A-11D-A272-09	2	1	0	0	52	2	0	2	0	59
TCGA-BK-A4ZD-01A-11D-A27P-09	1	1	1	0	51	5	0	0	0	59
TCGA-D1-A2G6-01A-11D-A17D-09	2	0	0	0	52	4	0	1	0	59
TCGA-A5-A0GQ-01A-11D-A122-09	4	3	1	1	44	5	0	0	0	58
TCGA-AP-A0L9-01A-11W-A062-09	1	0	0	0	54	2	0	1	0	58
TCGA-B5-A11X-01A-11D-A10M-09	3	2	0	0	49	2	1	1	0	58
TCGA-BS-A0U5-01A-11D-A10G-09	3	2	1	0	50	1	0	1	0	58
TCGA-EY-A2OO-01A-11D-A19Y-09	3	1	1	0	44	9	0	0	0	58
TCGA-BG-A0M3-01A-11W-A10C-09	2	3	1	0	45	3	0	3	0	57
TCGA-A5-A7WK-01A-11D-A34Q-09	2	0	0	0	52	1	0	1	0	56
TCGA-AX-A1CK-01A-11D-A135-09	5	0	0	0	46	4	0	1	0	56
TCGA-B5-A0JX-01A-21D-A14K-09	4	0	0	0	47	4	0	1	0	56
TCGA-PG-A915-01A-11D-A37N-09	3	0	0	0	51	2	0	0	0	56
TCGA-AJ-A3BD-01A-11D-A19Y-09	0	1	1	1	49	1	0	2	0	55
TCGA-AX-A2HK-01A-11D-A17D-09	2	1	3	0	43	5	0	1	0	55
TCGA-B5-A1MV-01A-31D-A14G-09	0	0	0	1	46	5	0	3	0	55
TCGA-D1-A0ZZ-01A-11D-A10M-09	2	0	1	0	46	5	0	1	0	55
TCGA-EO-A1Y5-01A-11D-A159-09	2	0	0	0	45	7	0	1	0	55
TCGA-AP-A0L8-01A-11W-A062-09	0	0	1	0	48	3	0	2	0	54
TCGA-AX-A1C8-01A-11D-A135-09	0	0	1	0	51	1	0	1	0	54
TCGA-B5-A0JT-01A-21D-A122-09	2	1	0	0	46	2	0	2	1	54
TCGA-B5-A11V-01A-11D-A10M-09	3	2	0	0	46	3	0	0	0	54
TCGA-BS-A0T9-01A-11D-A12J-09	1	3	2	0	45	3	0	0	0	54
TCGA-D1-A165-01A-11D-A12J-09	2	1	1	0	43	6	0	1	0	54
TCGA-D1-A1O8-01A-11D-A14G-09	3	2	0	0	46	1	0	2	0	54
TCGA-DI-A2QU-01A-11D-A18P-09	6	1	0	0	44	2	0	1	0	54
TCGA-AJ-A2QK-01A-11D-A18P-09	1	0	0	0	46	5	0	1	0	53
TCGA-B5-A5OE-01A-11D-A31U-09	2	0	0	0	46	3	0	2	0	53
TCGA-BG-A0M8-01A-12D-A10B-09	2	0	1	0	43	6	0	1	0	53
TCGA-BG-A0MU-01A-11D-A10B-09	2	1	1	0	47	1	0	1	0	53
TCGA-SJ-A6ZJ-01A-12D-A34Q-09	1	1	0	0	44	4	0	3	0	53
TCGA-2E-A9G8-01A-11D-A403-09	3	1	3	0	38	5	0	2	0	52
TCGA-AX-A05W-01A-21W-A027-09	3	2	1	0	39	6	0	1	0	52
TCGA-D1-A17T-01A-11D-A12J-09	4	0	0	0	45	3	0	0	0	52
TCGA-FI-A2F8-01A-12D-A17D-09	0	0	0	0	49	3	0	0	0	52
TCGA-QS-A744-01A-11D-A34Q-09	0	0	3	1	44	3	0	1	0	52
TCGA-QS-A8F1-01A-21D-A37N-09	1	1	1	0	43	4	0	2	0	52
TCGA-A5-A1OK-01A-11D-A14K-09	3	0	0	0	46	1	1	0	0	51
TCGA-AP-A0LN-01A-11W-A062-09	5	0	1	0	41	3	0	1	0	51
TCGA-AX-A06J-01A-11W-A027-09	4	1	0	1	43	1	0	1	0	51
TCGA-BG-A0M9-01A-21W-A10C-09	2	1	1	0	37	9	0	1	0	51
TCGA-D1-A16E-01A-22D-A12J-09	4	1	1	0	36	7	0	2	0	51
TCGA-FI-A3PV-01A-11D-A228-09	1	0	0	0	43	3	1	3	0	51
TCGA-AX-A3G6-01A-11D-A20S-09	3	1	0	0	42	4	0	0	0	50
TCGA-BG-A18A-01A-21D-A12J-09	3	2	0	0	41	4	0	0	0	50
TCGA-EY-A1GH-01A-11D-A13L-09	1	1	2	1	38	6	1	0	0	50
TCGA-A5-A0GN-01A-11W-A062-09	0	2	1	0	44	1	0	1	0	49
TCGA-BG-A0MI-01A-11W-A062-09	1	1	1	0	44	1	0	1	0	49
TCGA-BG-A2AE-01A-11D-A16D-09	1	1	1	0	41	4	0	1	0	49
TCGA-DI-A1BY-01A-21D-A135-09	2	4	1	1	36	5	0	0	0	49
TCGA-EY-A212-01A-11D-A14K-09	2	1	0	0	40	5	0	1	0	49
TCGA-5S-A9Q8-01A-11D-A403-09	3	3	1	0	34	6	0	1	0	48
TCGA-AJ-A3EJ-01A-11D-A19Y-09	2	0	2	0	41	2	0	1	0	48
TCGA-AX-A2H8-01A-11D-A17D-09	1	2	0	0	44	1	0	0	0	48
TCGA-AX-A3FX-01A-11D-A228-09	0	0	1	0	43	3	0	0	1	48
TCGA-AX-A3G1-01A-11D-A228-09	2	0	0	0	40	4	0	2	0	48
TCGA-B5-A0K4-01A-11W-A062-09	2	1	0	0	37	7	0	1	0	48
TCGA-B5-A1MZ-01A-11D-A142-09	2	1	1	0	41	1	0	2	0	48
TCGA-BK-A56F-01A-32D-A27P-09	2	0	0	1	39	5	0	1	0	48
TCGA-D1-A168-01A-31D-A12J-09	3	1	0	0	38	4	0	1	1	48
TCGA-D1-A1O0-01A-11D-A17D-09	3	0	0	0	40	3	0	2	0	48
TCGA-D1-A1O5-01A-11D-A14G-09	2	1	0	0	44	1	0	0	0	48
TCGA-EO-A3KU-01A-11D-A228-09	1	0	1	0	44	1	0	1	0	48
TCGA-EY-A1GW-01A-22D-A13L-09	4	2	0	0	39	2	0	1	0	48
TCGA-EY-A3L3-01A-11D-A228-09	1	1	1	0	41	3	0	1	0	48
TCGA-FI-A2EX-01A-11D-A17D-09	2	0	0	0	41	4	0	1	0	48
TCGA-A5-A3LP-01A-11D-A228-09	1	1	0	0	43	1	0	1	0	47
TCGA-AJ-A3BK-01A-11D-A19Y-09	1	0	2	0	39	4	0	1	0	47
TCGA-AX-A0IW-01A-11W-A062-09	2	1	0	0	41	3	0	0	0	47
TCGA-BG-A0M7-01A-11W-A062-09	1	0	1	0	42	3	0	0	0	47
TCGA-BG-A0MC-01A-21W-A062-09	2	0	0	0	42	2	0	1	0	47
TCGA-D1-A16S-01A-11D-A12J-09	2	0	0	0	38	5	0	2	0	47
TCGA-A5-A0R7-01A-31D-A10B-09	3	3	0	0	36	2	0	2	0	46
TCGA-AX-A0IS-01A-12D-A10M-09	4	1	1	0	39	1	0	0	0	46
TCGA-B5-A11Z-01A-11D-A10M-09	0	1	1	1	41	2	0	0	0	46
TCGA-BG-A0RY-01A-11D-A10B-09	1	2	0	0	39	3	0	1	0	46
TCGA-D1-A0ZR-01A-21D-A10M-09	1	2	0	0	35	4	0	3	1	46
TCGA-D1-A17K-01A-11D-A12J-09	4	1	0	0	39	2	0	0	0	46
TCGA-AJ-A2QN-01A-11D-A18P-09	0	0	0	1	40	2	0	2	0	45
TCGA-AX-A1CJ-01A-11D-A135-09	4	1	0	1	38	1	0	0	0	45
TCGA-B5-A11I-01A-11D-A10M-09	0	1	0	0	38	3	0	3	0	45
TCGA-B5-A11S-01A-11D-A122-09	1	2	0	0	40	1	0	1	0	45
TCGA-EO-A22Y-01A-11D-A17W-09	1	0	2	0	40	2	0	0	0	45
TCGA-EY-A4KR-01A-11D-A27P-09	1	0	0	0	40	3	0	1	0	45
TCGA-EY-A72D-01A-12D-A34Q-09	2	1	1	0	38	3	0	0	0	45
TCGA-FI-A2EU-01A-11D-A17D-09	1	1	0	0	37	4	0	2	0	45
TCGA-AP-A0LQ-01A-12D-A10B-09	1	1	1	0	36	5	0	0	0	44
TCGA-B5-A5OD-01A-11D-A31U-09	2	1	0	0	38	2	0	1	0	44
TCGA-BK-A0CA-01A-21D-A272-09	2	3	0	0	39	0	0	0	0	44
TCGA-BK-A0CC-01A-21D-A272-09	3	0	1	1	32	5	0	2	0	44
TCGA-D1-A16B-01A-11D-A12J-09	3	1	0	0	33	4	0	3	0	44
TCGA-AP-A05J-01A-11W-A027-09	1	0	0	0	41	1	0	0	0	43
TCGA-AX-A2H5-01A-11D-A17D-09	0	1	1	0	41	0	0	0	0	43
TCGA-B5-A1MS-01B-11D-A228-09	2	0	0	0	38	3	0	0	0	43
TCGA-B5-A1MY-01A-11D-A142-09	1	0	2	0	35	3	1	1	0	43
TCGA-BS-A0V6-01A-11D-A122-09	0	1	0	0	38	2	0	2	0	43
TCGA-D1-A169-01A-11D-A12J-09	2	1	0	0	33	4	0	3	0	43
TCGA-D1-A16V-01A-11D-A12J-09	2	0	1	1	32	5	0	2	0	43
TCGA-D1-A17C-01A-11D-A12J-09	3	0	1	0	35	4	0	0	0	43
TCGA-E6-A8L9-01A-21D-A37N-09	3	0	0	0	39	1	0	0	0	43
TCGA-EY-A214-01A-12D-A159-09	0	0	1	0	37	4	0	1	0	43
TCGA-EY-A3QX-01A-11D-A228-09	0	0	0	0	37	5	0	1	0	43
TCGA-KJ-A3U4-01A-11D-A228-09	1	1	0	0	39	1	0	1	0	43
TCGA-KP-A3W4-01A-11D-A228-09	3	1	0	0	32	6	0	0	1	43
TCGA-AP-A0LL-01A-12D-A127-09	1	1	0	0	35	4	0	1	0	42
TCGA-AX-A1CR-01A-12D-A135-09	2	1	0	0	38	0	0	1	0	42
TCGA-BG-A0MA-01A-11D-A17D-09	4	2	0	0	31	4	0	1	0	42
TCGA-BS-A0WQ-01A-21D-A10G-09	2	3	0	0	35	2	0	0	0	42
TCGA-D1-A1NX-01A-11D-A16D-09	1	0	0	0	37	3	0	1	0	42
TCGA-DF-A2L0-01A-11D-A17W-09	4	1	0	0	33	2	0	2	0	42
TCGA-FI-A2F9-01A-11D-A17D-09	4	0	1	1	34	2	0	0	0	42
TCGA-SL-A6J9-01A-11D-A31U-09	1	1	0	0	37	3	0	0	0	42
TCGA-AP-A053-01A-21W-A027-09	0	0	0	0	37	3	0	1	0	41
TCGA-AX-A1C7-01A-11D-A135-09	0	1	0	0	35	3	0	2	0	41
TCGA-AX-A3FW-01A-11D-A228-09	1	0	1	0	37	2	0	0	0	41
TCGA-B5-A0K3-01A-11W-A062-09	1	1	0	0	31	6	0	2	0	41
TCGA-BS-A0V7-01A-21D-A122-09	0	1	0	0	36	3	0	1	0	41
TCGA-EO-A1Y8-01A-11D-A159-09	0	0	0	0	40	1	0	0	0	41
TCGA-5B-A90C-01A-11D-A37N-09	2	0	1	0	33	3	0	1	0	40
TCGA-AJ-A2QL-01A-11D-A18P-09	2	1	0	0	30	6	0	1	0	40
TCGA-AJ-A3EM-01A-11D-A20S-09	0	2	0	0	33	3	0	2	0	40
TCGA-B5-A0K1-01A-11W-A062-09	2	1	0	0	31	4	0	2	0	40
TCGA-B5-A11P-01B-11D-A14G-09	4	0	0	0	32	3	0	1	0	40
TCGA-B5-A3FB-01A-11D-A19Y-09	2	0	1	0	34	2	0	1	0	40
TCGA-BG-A0MK-01A-51D-A19Y-09	1	0	0	0	35	2	0	2	0	40
TCGA-BG-A18C-01A-11D-A12J-09	1	1	1	0	33	2	0	2	0	40
TCGA-BG-A3PP-01A-11D-A228-09	0	1	1	0	32	4	0	2	0	40
TCGA-BK-A13C-01A-11D-A122-09	2	1	0	0	33	1	0	3	0	40
TCGA-D1-A16D-01A-11D-A12J-09	2	1	0	0	30	3	0	3	1	40
TCGA-DI-A1NN-01A-11D-A16D-09	0	2	0	0	33	4	0	1	0	40
TCGA-EO-A1Y7-01A-11D-A159-09	0	1	0	1	31	6	0	1	0	40
TCGA-EO-A3KW-01A-11D-A228-09	2	0	0	0	34	4	0	0	0	40
TCGA-EY-A1GR-01A-11D-A13L-09	3	0	1	0	32	3	0	0	1	40
TCGA-EY-A2OQ-01A-11D-A19Y-09	1	0	0	0	36	3	0	0	0	40
TCGA-A5-A0GV-01A-31W-A062-09	1	1	1	0	31	4	0	1	0	39
TCGA-A5-A1OJ-01A-11D-A14G-09	0	1	0	0	35	3	0	0	0	39
TCGA-AX-A0IU-01A-11D-A10B-09	2	1	0	0	32	2	0	1	1	39
TCGA-B5-A11F-01A-11D-A10M-09	2	0	0	0	32	3	1	1	0	39
TCGA-BG-A0VV-01A-21D-A122-09	0	0	1	0	30	8	0	0	0	39
TCGA-D1-A1NW-01A-11D-A14K-09	1	0	1	0	33	3	0	1	0	39
TCGA-EY-A1GL-01A-11D-A13L-09	0	2	0	0	34	2	1	0	0	39
TCGA-A5-A0GU-01A-11W-A062-09	1	1	0	0	33	2	0	1	0	38
TCGA-A5-A0R6-01A-11D-A10B-09	3	1	0	0	32	2	0	0	0	38
TCGA-B5-A11Q-01A-11D-A122-09	2	0	0	0	33	2	0	1	0	38
TCGA-BG-A0MS-01A-11D-A10B-09	3	1	1	0	31	1	0	1	0	38
TCGA-D1-A16R-01A-11D-A12J-09	2	1	0	0	31	3	0	1	0	38
TCGA-EY-A1GJ-01A-12D-A142-09	0	0	0	1	34	3	0	0	0	38
TCGA-PG-A5BC-01A-12D-A27P-09	0	0	0	0	37	1	0	0	0	38
TCGA-PG-A916-01A-11D-A37N-09	6	0	0	0	32	0	0	0	0	38
TCGA-A5-A0R9-01A-11D-A10B-09	1	1	1	0	32	1	0	1	0	37
TCGA-AX-A05T-01A-11W-A027-09	2	1	0	0	29	5	0	0	0	37
TCGA-AX-A06B-01A-11W-A027-09	1	1	0	0	32	1	0	2	0	37
TCGA-B5-A0K7-01A-11W-A10C-09	2	0	1	0	31	3	0	0	0	37
TCGA-D1-A15V-01A-11D-A122-09	0	1	0	0	33	0	0	3	0	37
TCGA-H5-A2HR-01A-11D-A17W-09	3	0	0	0	29	4	0	1	0	37
TCGA-AJ-A23N-01A-11D-A228-09	0	0	0	0	35	1	0	0	0	36
TCGA-AJ-A3NF-01A-11D-A228-09	3	0	0	0	29	2	0	2	0	36
TCGA-B5-A3F9-01A-21D-A228-09	3	1	0	0	27	3	0	2	0	36
TCGA-B5-A3FD-01A-11D-A19Y-09	1	2	0	0	31	1	0	1	0	36
TCGA-D1-A0ZV-01A-11D-A10M-09	2	1	1	0	29	3	0	0	0	36
TCGA-D1-A102-01A-11D-A10M-09	1	0	1	0	33	1	0	0	0	36
TCGA-D1-A17S-01A-11D-A12J-09	0	2	0	0	33	0	0	1	0	36
TCGA-EY-A1GE-01A-11D-A13L-09	2	2	0	0	27	3	0	2	0	36
TCGA-JU-AAVI-01A-11D-A403-09	1	2	0	1	29	3	0	0	0	36
TCGA-KP-A3W0-01A-21D-A228-09	2	0	1	0	29	2	0	2	0	36
TCGA-KP-A3W1-01A-11D-A228-09	1	1	1	0	31	1	0	1	0	36
TCGA-A5-A0GM-01A-11W-A062-09	2	2	0	0	27	3	0	1	0	35
TCGA-AJ-A3BI-01A-11D-A20S-09	1	0	0	0	30	3	0	1	0	35
TCGA-AP-A0LJ-01A-11W-A062-09	1	1	0	0	31	1	0	1	0	35
TCGA-AX-A3FZ-01A-11D-A228-09	0	1	0	0	31	1	0	2	0	35
TCGA-AX-A3GI-01A-11D-A20S-09	0	0	0	0	34	1	0	0	0	35
TCGA-BG-A0MO-01A-11W-A062-09	3	0	0	0	29	2	0	1	0	35
TCGA-BS-A0UT-01A-11D-A10B-09	0	0	2	0	27	4	0	2	0	35
TCGA-D1-A2G7-01A-21D-A17W-09	0	1	1	0	30	2	0	1	0	35
TCGA-A5-AB3J-01A-11D-A403-09	0	1	1	0	27	3	0	2	0	34
TCGA-AX-A06L-01A-11D-A122-09	1	3	0	0	27	1	0	2	0	34
TCGA-AX-A2HH-01A-11D-A17D-09	3	1	0	0	28	2	0	0	0	34
TCGA-B5-A3FH-01A-11D-A19Y-09	3	1	1	0	26	2	0	1	0	34
TCGA-BG-A0M6-01A-31D-A10B-09	1	2	0	0	31	0	0	0	0	34
TCGA-EO-A3B1-01A-12D-A19Y-09	0	0	0	0	31	2	0	1	0	34
TCGA-FI-A2D2-01A-11D-A17D-09	2	1	0	0	30	0	0	1	0	34
TCGA-AJ-A6NU-01A-11D-A34Q-09	3	0	0	0	27	3	0	0	0	33
TCGA-AP-A1E3-01A-11D-A135-09	2	0	0	0	27	1	0	3	0	33
TCGA-AP-A5FX-01A-11D-A27P-09	0	0	0	0	30	2	0	1	0	33
TCGA-AX-A3G4-01A-11D-A20S-09	2	2	2	0	21	3	0	2	1	33
TCGA-BG-A0MT-01A-11D-A10B-09	2	0	4	0	24	1	0	2	0	33
TCGA-BS-A0TG-01A-32D-A10B-09	2	0	0	0	29	2	0	0	0	33
TCGA-D1-A0ZN-01A-11D-A122-09	1	2	0	0	27	2	0	1	0	33
TCGA-D1-A3JP-01A-31D-A228-09	1	0	0	1	29	0	0	1	1	33
TCGA-EO-A2CH-01A-11D-A17W-09	0	0	0	0	32	1	0	0	0	33
TCGA-B5-A0K8-01A-11D-A14K-09	1	0	0	0	31	0	0	0	0	32
TCGA-EO-A2CG-01A-12D-A17W-09	1	0	0	0	28	1	0	1	0	31
TCGA-EY-A210-01A-11D-A159-09	0	2	1	0	23	2	0	3	0	31
TCGA-K6-A3WQ-01A-11D-A228-09	0	1	0	0	29	1	0	0	0	31
TCGA-A5-A1OG-01A-11D-A14G-09	0	0	0	0	29	1	0	0	0	30
TCGA-A5-A3LO-01A-11D-A228-09	1	2	0	0	25	1	0	1	0	30
TCGA-AP-A05P-01A-11W-A062-09	0	0	0	0	24	6	0	0	0	30
TCGA-AX-A1CI-01A-11D-A135-09	0	1	0	0	28	0	0	1	0	30
TCGA-B5-A0KB-01B-11D-A14G-09	1	0	0	0	25	3	0	1	0	30
TCGA-BK-A0CB-01A-32D-A10B-09	1	1	1	0	23	4	0	0	0	30
TCGA-D1-A0ZU-01A-11D-A10M-09	1	1	0	1	20	6	0	1	0	30
TCGA-D1-A16I-01A-11D-A12J-09	2	0	0	0	24	1	0	3	0	30
TCGA-KP-A3W3-01A-11D-A228-09	1	0	0	0	27	1	0	1	0	30
TCGA-BS-A0TD-01A-11D-A10B-09	1	0	2	0	23	1	0	2	0	29
TCGA-DI-A1C3-01A-41D-A135-09	3	0	0	0	24	2	0	0	0	29
TCGA-EY-A1GP-01A-11D-A13L-09	0	3	0	0	22	3	1	0	0	29
TCGA-EY-A1GV-01A-11D-A13L-09	0	1	1	0	25	1	0	0	1	29
TCGA-A5-A0G3-01A-11W-A062-09	0	0	1	0	25	2	0	0	0	28
TCGA-AP-A05D-01A-11W-A027-09	2	0	0	0	25	1	0	0	0	28
TCGA-AP-A0LH-01A-11W-A062-09	1	1	0	0	25	1	0	0	0	28
TCGA-B5-A0JS-01A-11D-A10B-09	1	1	0	0	23	3	0	0	0	28
TCGA-B5-A11M-01A-11D-A122-09	1	0	0	0	24	3	0	0	0	28
TCGA-B5-A121-01A-31D-A122-09	3	1	0	0	21	1	0	2	0	28
TCGA-BG-A0VT-01A-11D-A10M-09	0	2	0	0	20	4	0	1	1	28
TCGA-EY-A1GC-01A-11D-A13L-09	0	2	0	0	22	3	0	1	0	28
TCGA-FI-A2CY-01A-11D-A17D-09	1	0	0	0	24	3	0	0	0	28
TCGA-PG-A7D5-01A-11D-A34Q-09	0	0	3	0	23	0	0	1	1	28
TCGA-A5-A0GE-01A-11W-A062-09	3	0	0	0	22	1	1	0	0	27
TCGA-AP-A052-01A-11W-A027-09	0	0	0	0	22	3	0	2	0	27
TCGA-AX-A05U-01A-11W-A027-09	2	0	1	0	19	3	1	1	0	27
TCGA-AX-A1CN-01A-11D-A135-09	1	0	0	0	22	2	0	1	1	27
TCGA-BG-A0LW-01A-11W-A062-09	2	1	0	0	24	0	0	0	0	27
TCGA-BG-A0W2-01A-11D-A117-09	1	1	0	0	22	1	0	2	0	27
TCGA-D1-A0ZP-01A-21D-A10M-09	0	0	1	1	24	1	0	0	0	27
TCGA-D1-A16G-01A-31D-A12J-09	2	0	1	0	21	3	0	0	0	27
TCGA-D1-A16O-01A-11D-A12J-09	2	0	0	0	23	2	0	0	0	27
TCGA-A5-A0GX-01A-11W-A062-09	0	0	0	0	24	2	0	0	0	26
TCGA-AX-A2HF-01A-11D-A17D-09	2	0	1	0	18	4	1	0	0	26
TCGA-D1-A17N-01A-11D-A12J-09	1	0	1	0	20	4	0	0	0	26
TCGA-AP-A0LO-01A-11W-A062-09	0	1	1	0	23	0	0	0	0	25
TCGA-D1-A16Q-01A-12D-A12J-09	0	1	1	0	18	4	0	1	0	25
TCGA-EY-A1GM-01A-12D-A14G-09	0	1	1	0	23	0	0	0	0	25
TCGA-AX-A3G7-01A-12D-A20S-09	2	0	0	0	20	1	0	1	0	24
TCGA-BG-A186-01A-11D-A12J-09	1	1	0	0	21	0	0	1	0	24
TCGA-A5-A2K4-01A-11D-A18P-09	0	0	0	1	21	0	0	1	0	23
TCGA-AP-A1DQ-01A-11D-A135-09	1	0	0	0	20	2	0	0	0	23
TCGA-AX-A062-01A-11W-A027-09	0	0	0	0	21	2	0	0	0	23
TCGA-BG-A0M2-01A-11D-A10O-09	2	0	0	1	18	2	0	0	0	23
TCGA-D1-A3JQ-01A-11D-A228-09	0	0	0	0	19	4	0	0	0	23
TCGA-DI-A2QT-01A-12D-A19Y-09	0	1	1	0	19	1	0	1	0	23
TCGA-AJ-A3I9-01A-11D-A228-09	1	0	1	0	19	0	0	1	0	22
TCGA-AX-A1CP-01A-11D-A135-09	0	0	0	0	21	1	0	0	0	22
TCGA-AJ-A3BF-01A-11D-A20S-09	2	0	0	0	16	2	0	1	0	21
TCGA-B5-A1MU-01A-11D-A13L-09	0	0	0	0	19	1	0	1	0	21
TCGA-AP-A1E4-01A-12D-A135-09	1	1	0	0	16	1	0	0	0	19
TCGA-AP-A0LV-01A-11W-A062-09	2	1	0	0	13	1	0	0	0	17
TCGA-AX-A1CC-01A-11D-A135-09	1	0	0	0	16	0	0	0	0	17
TCGA-B5-A0K0-01A-11W-A062-09	0	0	0	0	12	3	1	1	0	17
TCGA-BG-A0YU-01A-21D-A10M-09	0	1	0	0	12	4	0	0	0	17
TCGA-FI-A2CX-01A-11D-A17D-09	0	0	0	0	7	1	0	0	0	8
TCGA-BK-A6W4-01A-12D-A34Q-09	0	1	0	0	4	2	0	0	0	7
TCGA-QF-A5YT-01A-11D-A31U-09	0	0	0	0	2	0	0	0	0	2
